function y = C_DEG
%#codegen
y = 0.017453292519943295;
